0 58600
0 20200
0 15101200
0 15339100
3 22900
3 15900
3 19500
3 15100
0 15800
0 19800
0 15202800
0 16122300
0 19100
0 10400
0 16190700
0 16678700
0 20100
0 76900
0 16484500
0 15546300
2 18700
2 111500
2 39300
2 33600
0 30600
0 11200
0 16036900
0 15642900
2 28900
2 57000

2 30900
2 16700
2 17300
2 14200
2 29500
2 12900
0 27500
0 19800
0 17330400
0 17040400
2 21300
2 19900
2 13300
2 16179100
0 42800
0 19800
0 32794700
0 31341700
0 56800
0 17000
0 16224400
0 15946800
0 30800
0 35200
0 26522000
0 15524300
2 83400
2 1399581500
2 69900
2 31600

0 71400
0 45300
0 18692400
0 15896700
2 20600
2 1379643900
2 37500
2 48000
0 13500
0 11800
0 33732800
0 31877900
2 29400
2 21500
2 22000
2 15327300
2 45800
2 69000
2 15541500
2 15299900
0 25100
0 48700
0 17195900
0 17103000
0 25700
0 49400
0 47398800
0 62996000
3 69300
3 31600

3 25100
3 30253600
3 69200
3 57900
3 16980900
3 16062500
2 66400
2 46500
2 32418500
2 15346200
2 100100
2 59700
2 47360800
2 15364700
0 30700
0 53300
0 17404000
0 16871200
0 86600
0 62200
0 16246100
0 15808400
2 20200
2 88700
2 23800
2 17600
0 15100
0 12100
0 47110000
0 47021500
